../copy-paste-aug/fake_image/0.jpg 152,203,273,330,6 266,192,375,334,6
../copy-paste-aug/fake_image/1.jpg 154,177,345,425,6
../copy-paste-aug/fake_image/2.jpg 104,180,276,356,1 316,236,492,396,1 311,95,468,260,1
../copy-paste-aug/fake_image/3.jpg 186,198,309,312,8 3,81,239,299,7 167,305,329,435,7
../copy-paste-aug/fake_image/4.jpg 87,167,424,367,9
../copy-paste-aug/fake_image/5.jpg 168,208,335,306,2 178,231,253,301,3
../copy-paste-aug/fake_image/6.jpg 156,148,369,391,8
../copy-paste-aug/fake_image/7.jpg 162,204,364,372,7 273,196,392,287,10 213,223,347,365,10
../copy-paste-aug/fake_image/8.jpg 215,170,305,246,3 250,232,364,343,3 146,232,249,340,3 199,163,283,237,7 192,306,297,399,7 0,237,94,335,7 394,236,482,319,7
../copy-paste-aug/fake_image/9.jpg 133,172,233,242,6 130,208,230,314,6 231,157,320,243,6 220,219,328,344,6 298,190,393,301,6
../copy-paste-aug/fake_image/10.jpg 238,242,282,285,8 225,236,244,273,8 121,157,250,339,5
../copy-paste-aug/fake_image/11.jpg 12,113,236,311,10 232,99,449,297,10 153,194,374,411,10
../copy-paste-aug/fake_image/12.jpg 186,192,343,395,8
../copy-paste-aug/fake_image/13.jpg 229,237,254,278,9 248,223,277,251,6 244,244,280,286,6 215,228,248,250,6 271,234,302,271,6
../copy-paste-aug/fake_image/14.jpg 244,216,304,289,8 231,255,243,289,8 190,200,256,320,9
../copy-paste-aug/fake_image/15.jpg 113,142,285,308,1 215,182,398,343,1
../copy-paste-aug/fake_image/16.jpg 162,195,298,343,3 240,92,512,347,6
../copy-paste-aug/fake_image/17.jpg 231,189,435,371,3 162,121,302,241,3 77,200,231,354,3
../copy-paste-aug/fake_image/18.jpg 126,190,249,339,6 186,205,331,365,6 296,170,407,338,6
../copy-paste-aug/fake_image/19.jpg 107,169,273,340,8 232,213,403,392,8 254,251,267,268,8
../copy-paste-aug/fake_image/20.jpg 232,206,313,254,3 254,236,341,308,3 165,227,254,306,3
../copy-paste-aug/fake_image/21.jpg 163,207,254,317,6 255,217,344,324,6 210,234,254,280,1
../copy-paste-aug/fake_image/22.jpg 216,231,307,326,6 261,218,336,278,10 173,202,235,247,10 233,256,296,313,10
../copy-paste-aug/fake_image/23.jpg 268,204,356,304,7 57,166,386,386,5 94,125,303,262,5
../copy-paste-aug/fake_image/24.jpg 235,258,280,279,1 342,173,410,301,5 103,249,222,358,5 207,164,331,268,5 103,153,197,232,5
../copy-paste-aug/fake_image/25.jpg 235,223,336,310,8 174,212,261,301,8
../copy-paste-aug/fake_image/26.jpg 172,227,276,320,5 215,193,338,314,5 231,204,317,255,3 254,237,347,312,3
../copy-paste-aug/fake_image/27.jpg 169,221,285,327,7
../copy-paste-aug/fake_image/28.jpg 314,221,394,299,8 263,188,326,258,8 286,253,310,324,8 82,242,134,304,8 130,208,182,253,8 81,213,109,251,8 125,203,298,361,7
../copy-paste-aug/fake_image/29.jpg 176,185,330,269,4 154,202,332,292,4 171,229,328,313,4 15,181,177,335,3 164,230,324,365,3 288,147,431,275,3
../copy-paste-aug/fake_image/30.jpg 74,299,160,320,10 179,209,255,256,10 305,211,375,312,10 422,295,442,306,10 37,153,209,311,1 173,215,366,393,1 316,151,485,311,1
../copy-paste-aug/fake_image/31.jpg 95,198,270,344,3 273,226,410,358,3 197,141,305,268,9 121,181,213,334,9 290,188,408,339,9
../copy-paste-aug/fake_image/32.jpg 170,223,264,309,7
../copy-paste-aug/fake_image/33.jpg 247,250,254,271,8 245,235,304,289,8 81,138,251,400,10
../copy-paste-aug/fake_image/34.jpg 134,199,282,321,9 87,135,467,366,9 35,305,56,353,9
../copy-paste-aug/fake_image/35.jpg 90,205,248,341,6 245,187,392,334,6 55,283,211,388,10 60,167,223,294,10 311,142,422,249,10
../copy-paste-aug/fake_image/36.jpg 244,248,256,271,1 206,231,218,261,8 228,233,260,259,8 288,252,325,300,8 254,240,291,285,8
../copy-paste-aug/fake_image/37.jpg 204,172,315,304,2 293,125,412,239,2 120,219,241,364,2 363,265,487,372,2 46,291,119,386,2
../copy-paste-aug/fake_image/38.jpg 0,119,276,341,10 165,195,441,395,10 206,233,256,282,7
../copy-paste-aug/fake_image/39.jpg 162,183,346,340,4 248,255,273,269,5
../copy-paste-aug/fake_image/40.jpg 219,239,240,260,8 267,238,293,266,8 216,235,296,315,10 256,191,347,283,10
../copy-paste-aug/fake_image/41.jpg 233,233,278,270,3 238,260,299,315,7 283,235,339,294,7 182,251,243,302,7 268,237,286,263,7
../copy-paste-aug/fake_image/42.jpg 96,149,232,314,9 199,185,374,353,9
../copy-paste-aug/fake_image/43.jpg 162,178,329,331,3 248,241,305,301,8
../copy-paste-aug/fake_image/44.jpg 137,130,372,383,5 80,162,370,337,10
../copy-paste-aug/fake_image/45.jpg 190,138,327,277,1 265,248,411,404,1 114,265,267,414,1
../copy-paste-aug/fake_image/46.jpg 183,220,265,304,1 285,246,369,323,1 282,179,358,258,1
../copy-paste-aug/fake_image/47.jpg 143,154,345,340,8 215,238,249,265,10 214,262,247,284,10 268,232,291,255,10
../copy-paste-aug/fake_image/48.jpg 164,188,288,301,7
../copy-paste-aug/fake_image/49.jpg 133,190,335,312,10 262,220,382,339,10 163,200,258,279,5
../copy-paste-aug/fake_image/50.jpg 258,169,415,307,3 98,201,286,368,3
../copy-paste-aug/fake_image/51.jpg 222,229,256,259,6 209,250,265,290,6 249,227,287,279,6
../copy-paste-aug/fake_image/52.jpg 193,206,290,257,5 269,248,321,297,5 132,241,313,373,1 93,137,247,271,1
../copy-paste-aug/fake_image/53.jpg 233,245,256,266,7 255,245,278,268,7 252,200,342,304,1
../copy-paste-aug/fake_image/54.jpg 243,188,333,330,1 68,164,281,408,6
../copy-paste-aug/fake_image/55.jpg 255,234,308,291,6 216,214,273,250,6 200,240,255,298,6 236,254,265,275,1 254,241,278,263,1
../copy-paste-aug/fake_image/56.jpg 193,225,259,297,10 256,234,316,295,10
../copy-paste-aug/fake_image/57.jpg 56,163,266,388,10 260,189,448,380,10 211,244,309,277,4 211,245,317,288,4 203,227,304,260,4
../copy-paste-aug/fake_image/58.jpg 198,233,331,273,4 181,255,336,309,4
../copy-paste-aug/fake_image/59.jpg 16,114,481,394,9 175,202,254,322,10
../copy-paste-aug/fake_image/60.jpg 251,256,255,287,6 252,217,438,369,3 65,196,252,365,3
../copy-paste-aug/fake_image/61.jpg 140,153,380,383,1 421,237,512,357,7 295,154,446,274,7 186,234,331,365,7
../copy-paste-aug/fake_image/62.jpg 27,139,355,385,5 215,128,460,382,5
../copy-paste-aug/fake_image/63.jpg 107,158,234,311,9 203,190,367,349,9 231,219,269,253,3 207,241,250,284,3
../copy-paste-aug/fake_image/64.jpg 222,224,268,290,3 240,140,387,385,6
../copy-paste-aug/fake_image/65.jpg 83,182,512,313,4
../copy-paste-aug/fake_image/66.jpg 169,196,246,276,5 174,213,314,314,5 269,202,346,288,5 241,228,278,264,1 260,241,303,283,1
../copy-paste-aug/fake_image/67.jpg 112,187,242,282,7 237,187,360,298,7 100,203,318,386,2
../copy-paste-aug/fake_image/68.jpg 185,179,378,347,7 251,235,280,268,1
../copy-paste-aug/fake_image/69.jpg 235,237,275,277,1 229,248,265,272,5
../copy-paste-aug/fake_image/70.jpg 8,146,503,285,4 40,259,503,409,4
../copy-paste-aug/fake_image/71.jpg 120,109,303,267,10 275,177,427,324,10 166,241,310,403,10
../copy-paste-aug/fake_image/72.jpg 223,168,369,357,6 134,215,240,353,6
../copy-paste-aug/fake_image/73.jpg 135,176,211,338,9 197,134,309,269,9 292,226,372,345,9 180,263,307,377,9 86,172,246,307,3 267,164,429,308,3
../copy-paste-aug/fake_image/74.jpg 213,212,284,274,8
../copy-paste-aug/fake_image/75.jpg 189,192,323,323,3
../copy-paste-aug/fake_image/76.jpg 207,233,255,276,1 253,237,291,285,1 237,156,436,329,10
../copy-paste-aug/fake_image/77.jpg 197,228,335,260,4 195,241,334,269,4 177,255,328,284,4 212,232,256,282,8 248,224,295,266,8
../copy-paste-aug/fake_image/78.jpg 133,198,418,263,4 131,224,416,281,4 94,254,404,314,4 252,227,314,289,6
../copy-paste-aug/fake_image/79.jpg 56,163,200,305,1 186,134,314,222,1 184,219,354,380,1 363,163,462,305,1 278,161,429,310,3 224,283,344,380,3 137,246,288,335,3 161,185,269,258,3
../copy-paste-aug/fake_image/80.jpg 182,199,326,320,4 114,174,225,312,8 193,227,301,345,8
../copy-paste-aug/fake_image/81.jpg 100,152,376,385,8 187,130,428,367,5
../copy-paste-aug/fake_image/82.jpg 236,111,296,395,4 251,251,266,265,1 259,248,271,260,1
../copy-paste-aug/fake_image/83.jpg 233,251,257,277,10 254,212,305,287,10
../copy-paste-aug/fake_image/84.jpg 172,234,280,362,8
../copy-paste-aug/fake_image/85.jpg 169,204,255,281,10 223,239,289,306,10
../copy-paste-aug/fake_image/86.jpg 173,251,285,294,2 70,133,263,271,5 200,135,336,267,5 206,279,317,378,5 275,133,453,378,5
../copy-paste-aug/fake_image/87.jpg 311,258,340,337,3 300,207,308,214,3 220,187,262,194,3 138,233,174,296,3 259,137,434,322,1 148,191,332,385,1
../copy-paste-aug/fake_image/88.jpg 247,246,274,272,1 261,242,281,263,1 236,242,256,265,1
../copy-paste-aug/fake_image/89.jpg 119,187,380,369,9 196,249,239,288,7 217,208,268,259,7 268,208,326,263,7
../copy-paste-aug/fake_image/90.jpg 231,231,324,317,8 187,203,262,275,8 364,199,461,309,8
../copy-paste-aug/fake_image/91.jpg 259,160,437,315,3 77,195,291,384,3 263,235,273,243,3 257,235,264,245,3 279,258,291,271,3 260,243,275,251,3 221,245,253,272,3 274,238,286,249,3
../copy-paste-aug/fake_image/92.jpg 260,139,263,142,8 277,136,389,205,8 301,202,397,294,8 198,224,305,318,8 138,187,201,294,8 87,282,186,375,8 179,294,281,375,8 328,220,486,382,3 32,199,185,345,3 159,129,296,257,3
../copy-paste-aug/fake_image/93.jpg 98,144,367,339,9 234,250,258,267,8
../copy-paste-aug/fake_image/94.jpg 258,232,279,256,8 263,252,282,273,8 244,242,260,276,8 241,229,261,250,8 226,269,234,276,8 221,273,226,276,8 185,284,208,303,9 181,273,189,290,9
../copy-paste-aug/fake_image/95.jpg 218,229,301,297,9
../copy-paste-aug/fake_image/96.jpg 44,89,302,345,5 63,206,409,397,5 243,216,323,285,10
../copy-paste-aug/fake_image/97.jpg 116,171,245,309,1 171,205,313,359,1 257,162,394,310,1 188,231,248,291,1 235,215,289,267,1
../copy-paste-aug/fake_image/98.jpg 176,225,221,282,3 310,246,328,254,3 180,215,382,416,8 221,120,422,296,8
../copy-paste-aug/fake_image/99.jpg 58,151,503,400,9 172,227,286,320,5
